.Random.seed <-
c(403L, 10L, 1015576107L, 515988553L, -446218920L, -1727314938L, 
770926049L, 1438035827L, -489575454L, 1103561556L, 180424279L, 
-683682227L, 2100980196L, 999949258L, -602773963L, 407309455L, 
155952534L, 403142976L, 1001354243L, -1241364959L, 1648480528L, 
783638254L, 309445273L, -1523451093L, 1463322138L, 1243507932L, 
-426860321L, 751931061L, 135120972L, -819309406L, -458079235L, 
503939319L, -432060898L, 2092382424L, 741600315L, -1441630759L, 
1275761512L, 72490646L, 633673745L, 349174211L, 1421133266L, 
-466965404L, -546260057L, -74869507L, 1953345780L, 205907930L, 
448256805L, 550709823L, 401813958L, 108242512L, -1187661197L, 
643956369L, -1846843712L, -1624108898L, 816938089L, 737495195L, 
2104052138L, 1480733132L, 1012587663L, 1102615749L, 1335194748L, 
1914431698L, -230586291L, -1172078329L, 1299829998L, 432487880L, 
340050635L, -143062231L, -524424328L, -962998106L, 1219185345L, 
-1890346157L, -1307842558L, -1122384588L, -1325461833L, -1845570899L, 
-331439164L, -2090095638L, 871289941L, 1600563695L, 1958195702L, 
-700881120L, -1490962205L, 1730661761L, -1371575312L, 744592014L, 
865060345L, 3725195L, -1283595334L, 647822012L, -1549495809L, 
150601557L, 192501868L, 1501490370L, 2083047197L, -63799913L, 
-914088706L, -1661630792L, -1476552549L, -1049553159L, 657700936L, 
-1669518474L, -1111609679L, -1619099933L, 768224690L, 769332740L, 
1319480647L, 1650649117L, -1873482092L, -1933400518L, 38512773L, 
-403333793L, 1613903334L, -1560581008L, 289730451L, -303396815L, 
-1521367328L, 1350381438L, 1879893513L, 426004027L, 2063036426L, 
-501100564L, 16327791L, -793756763L, -583738532L, -1213855950L, 
1369724461L, 1448369383L, 440675854L, -917908504L, -1142206997L, 
-219244919L, 1133372952L, -136303290L, 124717985L, -900864461L, 
956054434L, -165417324L, -604525289L, 734624525L, 1074465316L, 
-1617858038L, 1083894645L, -1669812529L, -503864874L, 61738368L, 
1466435011L, -199957663L, 809703888L, 522498350L, 1483086041L, 
142545643L, -747176102L, -1860490980L, 1238097951L, -1519465355L, 
1760598284L, -1338542878L, 1586617789L, 430230071L, 1211939038L, 
837645336L, 1749437307L, -1585489127L, 1228081064L, 560449366L, 
321429457L, 2105277315L, 1508818450L, 1010031012L, 2133605735L, 
-672398659L, -1809743308L, 1852258714L, -1215846939L, 1619386751L, 
-1000093434L, 152130192L, -88509645L, -326178607L, 1580370560L, 
1818499934L, 58943657L, -1681986725L, 758348138L, -545133556L, 
541346895L, -190915323L, 2012896700L, -2137081710L, -96806003L, 
-1595909177L, -57573202L, -195079928L, 1892830987L, -1153910295L, 
-1328808264L, 1449191782L, -1253463551L, -1102797677L, -1200111806L, 
1070870772L, 1326705911L, 205415661L, -121284732L, 1778018730L, 
1994379029L, -1962439249L, 998462902L, -1536062496L, -1721629917L, 
1693918273L, -1116702928L, 1772647758L, 718777L, -549539381L, 
603189882L, -733251716L, -1621264449L, 450134165L, -1969942868L, 
-1262093182L, 2132479069L, -1139797161L, 428535358L, -1310842248L, 
-1967566501L, 723747001L, 209670408L, -1504102432L, 1226427298L, 
209460136L, -848008820L, -129323844L, 863682930L, 445790448L, 
1544394820L, -1813756584L, -1588368838L, -215404688L, 1487637564L, 
1206850324L, 1201468866L, -127951136L, 1167821692L, -1013923120L, 
-597115742L, -609279960L, 1695963404L, -1414743108L, -1788932814L, 
-1354538560L, 1909660212L, 922742728L, 614862010L, -900099696L, 
-988474900L, 1304921684L, 921506962L, 1372521248L, 185459148L, 
-1014856224L, -1311836478L, -799377368L, 609609388L, -1157951300L, 
762183154L, -1466389200L, -778869596L, 1003457208L, -2067547814L, 
-1925576304L, 1158756220L, -1684608748L, 385965890L, -704123136L, 
128406460L, 1573708624L, 1811369762L, 847689032L, -1818137076L, 
-408811428L, 1372737746L, -1045242368L, 1926177108L, -1472959000L, 
734440442L, -116384560L, 1394366764L, 1652053748L, -1212899950L, 
-1082453920L, 1784673548L, -1862087968L, -1810231966L, 1516077736L, 
-1424831924L, -233859716L, -1924388558L, 1792187504L, -574813372L, 
957563352L, -101456774L, 181808L, -1675181380L, -2109025452L, 
283287618L, -2024175200L, -1909803332L, 1698090448L, 1011666274L, 
1403643880L, 888528844L, -1451801860L, 305497586L, 505511040L, 
2065856756L, 987749000L, 883518266L, -1441884336L, 772119148L, 
-1934448492L, -1552367278L, 129533664L, -112847156L, 560052384L, 
-1488373886L, -1474689304L, -1463173396L, 1366818876L, -1381038478L, 
-1179683728L, 1395440164L, -1147181000L, 140718106L, 438634192L, 
-1769604036L, -1611105132L, -720820094L, -431202368L, -188815044L, 
-353319280L, -749117406L, 2092283912L, 1110203532L, -351570916L, 
1422518930L, -1980911488L, -219413484L, -1376880344L, -628442566L, 
791786704L, -94333844L, -1200542028L, 996091922L, -547452960L, 
-1212226612L, 191143392L, -255245790L, -824595160L, -187677428L, 
-1254162884L, -1911639822L, -840839440L, -1858236604L, 48561752L, 
264071738L, -1106563344L, -620769092L, -1023159788L, -1473194814L, 
2125886560L, 737680764L, -224079664L, -64388062L, -1209614680L, 
760365964L, -1487262276L, 15408178L, 945268544L, -1539455820L, 
-416905400L, -471414086L, -605233392L, -1977451284L, -606649260L, 
306286354L, -1586219104L, 396547020L, -798108832L, -612285246L, 
-725412312L, 1573737900L, -618116292L, 1216001906L, -1895442640L, 
431437348L, -583416776L, -884743974L, 77051280L, 797473532L, 
1491350420L, 1274459970L, 1636916736L, 2032150076L, 746777168L, 
-2107795806L, -67034296L, 1809109516L, -1231570724L, -886190L, 
-242397056L, -1380709548L, -1609742872L, -1122238726L, -394122416L, 
-1475580884L, 1678928244L, -167479662L, 2109976160L, -856185204L, 
-1028057248L, -1044399390L, 1435283624L, 212860108L, 1037492732L, 
-1210843214L, 1502259696L, 1128490436L, -1616250024L, 1916743546L, 
1656411568L, 1863275964L, -313310124L, -40974398L, -1917925600L, 
-508412996L, 1047418448L, 1807026658L, 1703548264L, 1594002764L, 
-1266617092L, -1755473166L, -1859140864L, -1322398092L, 637162504L, 
1269389754L, 1835070416L, -273807892L, -1935872108L, -1828438318L, 
-1501599136L, -114213556L, 955531552L, 2075000450L, -1446447640L, 
-888092742L, -438996625L, 1089313529L, 555381646L, -594854308L, 
-1138389811L, 1126593591L, -821313856L, -1303852642L, 2135102059L, 
-893421075L, -674928550L, 1897387800L, -1247683455L, -737482189L, 
-1868335020L, -108938142L, 658731767L, -104006335L, -981382202L, 
-913712892L, 754768053L, -1375909985L, -1471338504L, 1546885590L, 
-529096605L, -1311189979L, 1624875970L, 768186544L, -299764519L, 
590320203L, -458968900L, -1706711318L, 210687775L, -1641953367L, 
-1676693186L, -1231767508L, -34863491L, -1886631737L, 167470512L, 
244236238L, 934266107L, -1818463395L, -1505740662L, -1674951000L, 
-1194808815L, -1193362685L, -1075802620L, 1063042610L, -1387970937L, 
391910097L, 412755030L, -696259532L, -546582715L, -434055793L, 
-841018104L, -1395382490L, -453490733L, -1876465355L, -1033903982L, 
512335968L, 594007497L, -2110640901L, -83680564L, -1963956390L, 
1827877455L, 2143262489L, 348922158L, -1442708676L, 495323309L, 
1774029655L, 1073495712L, 63731710L, 1348411083L, 365392077L, 
901059578L, -1280204744L, -1219888671L, -1564458349L, 1636714676L, 
870668738L, -1086324265L, 1610247713L, -1957632538L, -1165263644L, 
-989740011L, 1852109887L, -629802024L, 386706934L, -1958228477L, 
-1051973307L, -1323078302L, -667676976L, 1459153401L, 908917035L, 
1585185436L, 605628618L, 789217727L, -2025159415L, 265029150L, 
863984588L, 265845149L, -878603225L, -41870768L, -1171396882L, 
-1384595557L, 1327828477L, 323645674L, -94801016L, 1389894961L, 
-1557232221L, 1108652452L, -109583278L, 686653351L, 703544305L, 
-1391673546L, -1763238956L, -1978928795L, -87478929L, 94515112L, 
-1841330938L, 1117867059L, 1436461717L, 1650563826L, -1446444224L, 
-1701730135L, -388965093L, 1009699564L, 895506170L, 1518405423L, 
-1014323399L, 13244750L, -1879701604L, 1446708493L, -777941129L, 
746220416L, 738443742L, -631736661L, -429237843L, 864955930L, 
-879079208L, 1080458561L, 397866483L, -1350593516L, -1712072286L, 
